111111111111111111111111
100000000000100000000001
101111111110101111111101
100000000010100000000001
101111111010101111111101
100000001010100000000001
111111101010101111111111
100000001010100000000001
101111111010111111111101
100000000010000000000001
101111111111101111111101
100000000000100000000001
101111111111111111111101
100000000000000000000001
101111111111101111111101
100000000000100000000001
111111111111111111111101
100000000000000000000001
101111111111111111111101
100000000000000000000001
101111111111101111111101
100000000000100000000001
100000200000000000000001
111111111111111111111111